r;23924432;153395;239128;0;1000000
r;2027723;153395;223173;36;360
r;74195146;153395;2983124;555;223
r;2175964;153395;128782;9;200
r;2175963;153395;144267;9;170
r;2175969;153395;28718;9;160
r;2175970;153395;93099;9;150
r;574399;153395;145624;0;145
r;9430936;153395;144267;0;145
r;2175962;153395;69035;9;140
r;2175968;153395;51905;9;140
r;2124460;153395;26507;25;140
r;2175961;153395;20885;9;130
r;2175966;153395;135631;9;130
r;2175967;153395;106744;9;130
r;2175965;153395;233740;9;120
r;2212982;153395;24646;25;110
r;9219168;153395;241794;36;110
r;390130239;153395;14926081;333;103
r;11933097;153395;7931;25;101
r;366559205;153395;14436157;66;100
r;11933289;153395;213544;25;92
r;273743;153395;82676;0;78
r;362582;153395;127000;0;73
r;2334706;153395;254876;36;69
r;533728;153395;171870;4;67
r;273742;153395;42064;0;60
r;362585;153395;68467;0;60
r;85824716;153395;2585997;36;58
r;273745;153395;143187;0;57
r;494911207;153395;34814092;0;56
r;273744;153395;49154;0;55
r;362584;153395;2447;0;55
r;496509211;153395;34814092;35;55
r;362583;153395;60098;0;54
r;26426740;153395;223172;36;48
r;273751;153395;146881;4;46
r;54032600;153395;2586628;4;45
r;54063359;153395;2586629;4;45
r;1640801;153395;172428;18;42
r;30286400;153395;144267;6;40
r;60379210;153395;172435;18;40
r;2175975;153395;121129;9;39
r;82798374;153395;9780;6;37
r;78120472;153395;3228593;444;37
r;5335963;153395;72115;25;36
r;2175976;153395;222991;9;35
r;2235774;153395;139243;9;35
r;2175971;153395;154203;9;34
r;394243727;153395;15110521;333;34
r;2175973;153395;217734;9;32
r;2175977;153395;233106;9;32
r;2235773;153395;82676;9;31
r;2175978;153395;241384;9;30
r;2235772;153395;37676;9;30
r;78810991;153395;153395;19;30
r;5058771;153395;86306;25;30
r;394243749;153395;15240652;333;28
r;574400;153395;26507;0;27
r;1978243;153395;214194;0;27
r;89961130;153395;3575927;18;27
r;2175972;153395;213732;9;26
r;2175974;153395;127000;9;26
r;492561754;153395;31003000;11;26
r;366558914;153395;14436158;0;25
r;415883086;153395;15240652;0;25
r;415883096;153395;15110521;0;25
r;416093753;153395;14926081;0;25
r;417678914;153395;145624;3;25
r;390130242;153395;14916413;18;25
r;366558886;153395;327472;25;25
r;366558888;153395;14436154;25;25
r;376163337;153395;14436161;25;25
r;376163338;153395;14436156;25;25
r;376164957;153395;2949547;25;25
r;376172057;153395;328670;25;25
r;376172278;153395;328038;25;25
r;376173062;153395;328376;25;25
r;376173200;153395;328302;25;25
r;376173879;153395;327517;25;25
r;376174223;153395;327844;25;25
r;376180287;153395;244263;25;25
r;376182223;153395;167533;25;25
r;376182313;153395;166121;25;25
r;376183068;153395;162170;25;25
r;376183104;153395;164267;25;25
r;376183147;153395;163730;25;25
r;376183917;153395;161004;25;25
r;480699658;153395;15014212;25;25
r;480699802;153395;17628678;25;25
r;390130244;153395;217817;36;25
r;417678913;153395;15991432;36;25
r;475266100;153395;276096;36;25
r;501130400;153395;50233540;36;25
r;429074580;153395;16318197;71;25
r;375611436;153395;14436160;156;25
r;375611437;153395;14436159;156;25
r;375611438;153395;143187;156;25
r;9228753;153395;254877;36;21
r;2210478;153395;248198;36;17
r;417678916;153395;141253;0;14
r;417678917;153395;48929;0;11
r;5300606;153395;145682;25;10
r;3638010;153395;144267;777;10
r;3638015;153395;42456;777;10
r;3638017;153395;11183;777;10
r;3638018;153395;139656;777;10
r;3638019;153395;106744;777;10
r;3638021;153395;51905;777;10
r;3638023;153395;141205;777;10
r;3638025;153395;7347;777;10
r;3638028;153395;113400;777;10
r;3638030;153395;3200;777;10
r;3638032;153395;143346;777;10
r;3638034;153395;127368;777;10
r;3638035;153395;123977;777;10
r;22963584;153395;584414;777;10
r;85824722;153395;2575012;777;10
r;85824723;153395;152487;777;10
r;85824724;153395;49318;777;10
r;85824725;153395;37303;777;10
r;85824726;153395;146105;777;10
r;85824727;153395;2369036;777;10
r;85824728;153395;2037866;777;10
r;291496714;153395;10157985;777;10
r;26815312;153395;254878;36;9
r;9998227;153395;121129;0;7
r;33585711;153395;28453;32;7
r;3157933;153395;26976;106;7
r;285068239;153395;227874;999;7
r;285118721;153395;252085;999;6
r;285118723;153395;252083;999;6
r;5190175;153395;214194;9;5
r;5204089;153395;42064;9;5
r;9998201;153395;20885;0;4
r;9998203;153395;69035;0;4
r;9998206;153395;128782;0;4
r;9998208;153395;233740;0;4
r;9998210;153395;135631;0;4
r;9998212;153395;106744;0;4
r;9998214;153395;51905;0;4
r;9998216;153395;28718;0;4
r;9998218;153395;93099;0;4
r;9998220;153395;154203;0;4
r;9998222;153395;213732;0;4
r;9998224;153395;217734;0;4
r;9998229;153395;222991;0;4
r;9998231;153395;233106;0;4
r;9998233;153395;241384;0;4
r;9999595;153395;37676;0;4
r;9999598;153395;139243;0;4
r;503674892;153395;317329;36;2
r;503674893;153395;317322;36;2
r;368615025;153395;60098;9;1
r;3171041;153395;269561;106;1
r;8807728;153395;50889;106;1
r;11719622;153395;145382;106;1
r;12980366;153395;155346;106;1
r;283151324;153395;11137482;140;1
r;94297653;153395;3911939;444;1
r;94353732;153395;3974934;444;1
r;285686331;153395;265185;999;1
r;285686389;153395;265183;999;1
r;285686444;153395;246990;999;1
r;285686504;153395;265184;999;1
r;285686540;153395;213540;999;1
r;503674894;153395;317324;36;0
r;503674895;153395;317325;36;0
r;503674896;153395;317326;36;0
r;503674897;153395;317323;36;0
r;503674898;153395;317327;36;0
r;8859663;153395;44755;25;-5
r;8857959;153395;113767;25;-25
r;255661;145624;153395;11;319
r;405921;162170;153395;16;230
r;11574198;327517;153395;16;230
r;1842257;144267;153395;11;174
r;401877;163730;153395;16;160
r;11579825;328302;153395;16;160
r;1054625;167533;153395;16;150
r;11587953;328670;153395;16;150
r;376712;145624;153395;0;140
r;2033340;143187;153395;0;120
r;136300;82676;153395;0;110
r;390130240;14926081;153395;333;103
r;366558890;14436156;153395;16;100
r;366558954;14436161;153395;16;100
r;18640111;37168;153395;0;86
r;366558904;14436157;153395;0;85
r;391234007;14918077;153395;0;85
r;2254882;26507;153395;0;81
r;639960;166121;153395;16;80
r;11586706;328038;153395;16;80
r;88949417;96339;153395;0;65
r;18641667;56663;153395;0;61
r;394645;42064;153395;0;60
r;369833;161004;153395;16;60
r;403348;164267;153395;16;60
r;11570866;327844;153395;16;60
r;11581413;328376;153395;16;60
r;99826639;168191;153395;0;59
r;99844602;67049;153395;0;59
r;25012868;96339;153395;35;58
r;2141802;244263;153395;16;57
r;11595961;327472;153395;16;57
r;1822965;60098;153395;0;55
r;72645966;2949547;153395;16;55
r;15769116;232680;153395;0;51
r;366775472;5334011;153395;0;51
r;374971546;14734939;153395;0;51
r;414849479;318769;153395;0;51
r;420198358;15953386;153395;0;51
r;443212694;14571090;153395;0;51
r;208891;24646;153395;16;51
r;1751617;69145;153395;0;44
r;25072725;69145;153395;35;44
r;394243728;15110521;153395;333;34
r;2277082;252084;153395;0;32
r;97055515;86306;153395;16;31
r;1534964;213541;153395;0;30
r;1535006;213542;153395;0;30
r;1751626;227875;153395;0;30
r;2286523;233106;153395;11;30
r;2065206;26507;153395;16;30
r;78810991;153395;153395;19;30
r;662866;159613;153395;0;29
r;480699661;17628674;153395;16;29
r;480699805;17628680;153395;16;29
r;394243750;15240652;153395;333;28
r;3198827;127000;153395;0;27
r;492561756;31003000;153395;6;26
r;376194292;213544;153395;16;26
r;480699657;15014212;153395;16;26
r;366558894;14436156;153395;0;25
r;366558911;14436158;153395;0;25
r;366558942;14436159;153395;0;25
r;366558952;14436160;153395;0;25
r;415883085;15240652;153395;0;25
r;415883095;15110521;153395;0;25
r;416093752;14926081;153395;0;25
r;435000891;14436161;153395;0;25
r;480699665;17401531;153395;0;25
r;480699675;17628675;153395;0;25
r;480699834;17628681;153395;0;25
r;480699844;17628682;153395;0;25
r;483312688;17628680;153395;0;25
r;483312696;17628674;153395;0;25
r;366558898;14436157;153395;6;25
r;366558887;14436154;153395;16;25
r;376194296;7931;153395;16;25
r;376195843;72115;153395;16;25
r;480699801;17628678;153395;16;25
r;429074581;16318197;153395;71;25
r;366558897;143187;153395;155;25
r;366558941;14436159;153395;155;25
r;366558944;14436160;153395;155;25
r;480699664;17401531;153395;155;25
r;480699667;17628675;153395;155;25
r;480699833;17628681;153395;155;25
r;480699836;17628682;153395;155;25
r;30312637;144267;153395;0;15
r;473581609;439411;153395;16;15
r;3604687;144267;153395;777;10
r;3817581;127368;153395;777;10
r;3989764;2609;153395;777;10
r;3989772;179189;153395;777;10
r;4310663;239081;153395;777;10
r;3769822;271238;153395;777;8
r;9998228;121129;153395;10;7
r;9998215;51905;153395;10;5
r;9998202;20885;153395;10;4
r;9998204;69035;153395;10;4
r;9998205;144267;153395;10;4
r;9998207;128782;153395;10;4
r;9998209;233740;153395;10;4
r;9998211;135631;153395;10;4
r;9998213;106744;153395;10;4
r;9998217;28718;153395;10;4
r;9998219;93099;153395;10;4
r;9998221;154203;153395;10;4
r;9998223;213732;153395;10;4
r;9998225;217734;153395;10;4
r;9998226;127000;153395;10;4
r;9998230;222991;153395;10;4
r;9998232;233106;153395;10;4
r;9998234;241384;153395;10;4
r;9999596;37676;153395;10;4
r;9999597;82676;153395;10;4
r;9999599;139243;153395;10;4
r;492561755;31003000;153395;0;2
r;10658790;38828;153395;10;1
r;1832944;143187;153395;666;1
r;3234519;213542;153395;666;1
r;6185930;154465;153395;666;1
r;88113599;241383;153395;10;-5
